{
 "cells": [
  {
   "cell_type": "code",
   "execution_count": 111,
   "id": "6b375d04",
   "metadata": {},
   "outputs": [],
   "source": [
    "import pandas as pd\n",
    "import locale"
   ]
  },
  {
   "cell_type": "code",
   "execution_count": 116,
   "id": "6f2ab15e",
   "metadata": {},
   "outputs": [],
   "source": [
    "data = pd.read_csv('/Users/jihyunlee/KoreaUniv/21FW/IntroDS/00.프로젝트/movie_list_add_ratio_1129.csv', encoding='euckr')\n",
    "data.columns = ['Unnamed: 0','Unnamed: 1', 'MOVIE_NM', 'MNG_NM', 'MNG_CD', 'MAKR_NM',\n",
    "       'IMPORT_CMPNY_NM', 'DISTB_CMPNY_NM', 'OPEN_DE', 'MOVIE_TY_NM',\n",
    "       'MOVIE_STLE_NM', 'NLTY_NM', 'WNTY_SCREEN_CO', 'WNTY_SELNG_AM',\n",
    "       'WNTY_AUDE_CO', 'SU_SELNG_AM', 'SU_AUDE_CO', 'GENRE_NM', 'GRAD_NM',\n",
    "       'MOVIE_SE','lotte_3_days', 'lotte_7_days',\n",
    "       'lotte_15_days', 'cgv_3_days', 'cgv_7_days', 'cgv_15_days',\n",
    "       'jcon_3_days', 'jcon_7_days', 'jcon_15_days', 'naver_cd']\n",
    "\n",
    "\n",
    "a = data[['naver_cd','MOVIE_NM','DISTB_CMPNY_NM','OPEN_DE','MOVIE_STLE_NM','NLTY_NM','WNTY_SCREEN_CO','GENRE_NM','GRAD_NM','MOVIE_SE']]\n",
    "b = data[data.columns[20:29]]\n",
    "\n",
    "df = pd.concat([a,b],axis=1)\n",
    "\n",
    "df.columns = ['movie_code','movie_name','distribution_company','open_date','movie_style','national','screen_number',\n",
    "              'genre','grade','movie_type','lotte_3_days','lotte_7_days','lotte_15_days',\n",
    "              'cgv_3_days','cgv7_days','cgv_15_days','jcon_3_days','jcon_7_days','jcon_15_days']\n",
    "\n",
    "#배급사명처리\n",
    "tmp = []\n",
    "for i in range(len(df['distribution_company'])):\n",
    "    tmp.append( df['distribution_company'][i].split(',')[0] )\n",
    "df['distribution_company'] = tmp\n",
    "\n",
    "#one-hot encoding\n",
    "df = pd.get_dummies(df, columns = ['distribution_company','movie_style','national','genre','grade','movie_type'])\n",
    "\n",
    "#text review join\n",
    "text = pd.read_csv('/Users/jihyunlee/KoreaUniv/21FW/IntroDS/00.프로젝트/text.csv')\n",
    "\n",
    "grouped_score = text['score'].groupby(text['movie_code'])\n",
    "score_mean = grouped_score.mean()\n",
    "score_std = grouped_score.std()\n",
    "\n",
    "score_cnt = grouped_score.count() >= 200\n",
    "score_cnt = score_cnt*1\n",
    "\n",
    "grouped_sensitive_score = text['sensitive_score'].groupby(text['movie_code'])\n",
    "sensitive_score_mean = grouped_score.mean()\n",
    "sensitive_score_std = grouped_score.std()\n",
    "\n",
    "df = pd.merge(df, score_cnt, left_on='movie_code', right_on='movie_code', how='left')\n",
    "df.rename( {'score':'review_over_200'}, axis='columns', inplace=True)\n",
    "\n",
    "df = pd.merge(df, score_mean, left_on='movie_code', right_on='movie_code', how='left')\n",
    "df.rename( {'score':'score_mean'}, axis='columns', inplace=True)\n",
    "\n",
    "df = pd.merge(df, score_std, left_on='movie_code', right_on='movie_code', how='left')\n",
    "df.rename( {'score':'score_std'}, axis='columns', inplace=True)\n",
    "\n",
    "df = pd.merge(df, sensitive_score_mean, left_on='movie_code', right_on='movie_code', how='left')\n",
    "df.rename( {'score':'sensitive_score_mean'}, axis='columns', inplace=True)\n",
    "\n",
    "df = pd.merge(df, sensitive_score_std, left_on='movie_code', right_on='movie_code', how='left')\n",
    "df.rename( {'score':'sensitive_score_std'}, axis='columns', inplace=True)\n",
    "\n",
    "col1 = df.columns[:4].to_list()\n",
    "col2 = df.columns[4:13].to_list()\n",
    "col3 = df.columns[13:].to_list()\n",
    "\n",
    "new_col = col1+col3+col2\n",
    "df = df[new_col]\n",
    "\n",
    "#결측치제거\n",
    "df = df[ df['movie_code'].notna() ]\n",
    "df = df.fillna(0)\n",
    "\n",
    "df.to_csv('(final)movie_data_set.csv',header=True,index=False)\n"
   ]
  },
  {
   "cell_type": "code",
   "execution_count": 117,
   "id": "9e0320c6",
   "metadata": {},
   "outputs": [
    {
     "data": {
      "text/html": [
       "<div>\n",
       "<style scoped>\n",
       "    .dataframe tbody tr th:only-of-type {\n",
       "        vertical-align: middle;\n",
       "    }\n",
       "\n",
       "    .dataframe tbody tr th {\n",
       "        vertical-align: top;\n",
       "    }\n",
       "\n",
       "    .dataframe thead th {\n",
       "        text-align: right;\n",
       "    }\n",
       "</style>\n",
       "<table border=\"1\" class=\"dataframe\">\n",
       "  <thead>\n",
       "    <tr style=\"text-align: right;\">\n",
       "      <th></th>\n",
       "      <th>lotte_3_days</th>\n",
       "      <th>lotte_7_days</th>\n",
       "      <th>lotte_15_days</th>\n",
       "      <th>cgv_3_days</th>\n",
       "      <th>cgv_7_days</th>\n",
       "      <th>cgv_15_days</th>\n",
       "      <th>jcon_3_days</th>\n",
       "      <th>jcon_7_days</th>\n",
       "      <th>jcon_15_days</th>\n",
       "      <th>WNTY_SELNG_AM</th>\n",
       "    </tr>\n",
       "  </thead>\n",
       "  <tbody>\n",
       "    <tr>\n",
       "      <th>lotte_3_days</th>\n",
       "      <td>1.000000</td>\n",
       "      <td>0.752213</td>\n",
       "      <td>0.507150</td>\n",
       "      <td>0.384215</td>\n",
       "      <td>0.230851</td>\n",
       "      <td>0.219246</td>\n",
       "      <td>0.164338</td>\n",
       "      <td>0.265744</td>\n",
       "      <td>0.008430</td>\n",
       "      <td>0.033406</td>\n",
       "    </tr>\n",
       "    <tr>\n",
       "      <th>lotte_7_days</th>\n",
       "      <td>0.752213</td>\n",
       "      <td>1.000000</td>\n",
       "      <td>0.633837</td>\n",
       "      <td>0.295031</td>\n",
       "      <td>0.279396</td>\n",
       "      <td>0.234289</td>\n",
       "      <td>0.074309</td>\n",
       "      <td>0.192374</td>\n",
       "      <td>-0.118626</td>\n",
       "      <td>0.019432</td>\n",
       "    </tr>\n",
       "    <tr>\n",
       "      <th>lotte_15_days</th>\n",
       "      <td>0.507150</td>\n",
       "      <td>0.633837</td>\n",
       "      <td>1.000000</td>\n",
       "      <td>0.253426</td>\n",
       "      <td>0.270250</td>\n",
       "      <td>0.410399</td>\n",
       "      <td>0.062651</td>\n",
       "      <td>0.230667</td>\n",
       "      <td>-0.277021</td>\n",
       "      <td>0.003909</td>\n",
       "    </tr>\n",
       "    <tr>\n",
       "      <th>cgv_3_days</th>\n",
       "      <td>0.384215</td>\n",
       "      <td>0.295031</td>\n",
       "      <td>0.253426</td>\n",
       "      <td>1.000000</td>\n",
       "      <td>0.742613</td>\n",
       "      <td>0.490684</td>\n",
       "      <td>0.283312</td>\n",
       "      <td>0.340895</td>\n",
       "      <td>-0.107890</td>\n",
       "      <td>0.005621</td>\n",
       "    </tr>\n",
       "    <tr>\n",
       "      <th>cgv_7_days</th>\n",
       "      <td>0.230851</td>\n",
       "      <td>0.279396</td>\n",
       "      <td>0.270250</td>\n",
       "      <td>0.742613</td>\n",
       "      <td>1.000000</td>\n",
       "      <td>0.720621</td>\n",
       "      <td>0.340525</td>\n",
       "      <td>0.460714</td>\n",
       "      <td>-0.217865</td>\n",
       "      <td>0.006028</td>\n",
       "    </tr>\n",
       "    <tr>\n",
       "      <th>cgv_15_days</th>\n",
       "      <td>0.219246</td>\n",
       "      <td>0.234289</td>\n",
       "      <td>0.410399</td>\n",
       "      <td>0.490684</td>\n",
       "      <td>0.720621</td>\n",
       "      <td>1.000000</td>\n",
       "      <td>0.168213</td>\n",
       "      <td>0.329930</td>\n",
       "      <td>-0.187861</td>\n",
       "      <td>0.010183</td>\n",
       "    </tr>\n",
       "    <tr>\n",
       "      <th>jcon_3_days</th>\n",
       "      <td>0.164338</td>\n",
       "      <td>0.074309</td>\n",
       "      <td>0.062651</td>\n",
       "      <td>0.283312</td>\n",
       "      <td>0.340525</td>\n",
       "      <td>0.168213</td>\n",
       "      <td>1.000000</td>\n",
       "      <td>0.720330</td>\n",
       "      <td>0.017471</td>\n",
       "      <td>-0.069818</td>\n",
       "    </tr>\n",
       "    <tr>\n",
       "      <th>jcon_7_days</th>\n",
       "      <td>0.265744</td>\n",
       "      <td>0.192374</td>\n",
       "      <td>0.230667</td>\n",
       "      <td>0.340895</td>\n",
       "      <td>0.460714</td>\n",
       "      <td>0.329930</td>\n",
       "      <td>0.720330</td>\n",
       "      <td>1.000000</td>\n",
       "      <td>0.032760</td>\n",
       "      <td>-0.049014</td>\n",
       "    </tr>\n",
       "    <tr>\n",
       "      <th>jcon_15_days</th>\n",
       "      <td>0.008430</td>\n",
       "      <td>-0.118626</td>\n",
       "      <td>-0.277021</td>\n",
       "      <td>-0.107890</td>\n",
       "      <td>-0.217865</td>\n",
       "      <td>-0.187861</td>\n",
       "      <td>0.017471</td>\n",
       "      <td>0.032760</td>\n",
       "      <td>1.000000</td>\n",
       "      <td>-0.032367</td>\n",
       "    </tr>\n",
       "    <tr>\n",
       "      <th>WNTY_SELNG_AM</th>\n",
       "      <td>0.033406</td>\n",
       "      <td>0.019432</td>\n",
       "      <td>0.003909</td>\n",
       "      <td>0.005621</td>\n",
       "      <td>0.006028</td>\n",
       "      <td>0.010183</td>\n",
       "      <td>-0.069818</td>\n",
       "      <td>-0.049014</td>\n",
       "      <td>-0.032367</td>\n",
       "      <td>1.000000</td>\n",
       "    </tr>\n",
       "  </tbody>\n",
       "</table>\n",
       "</div>"
      ],
      "text/plain": [
       "               lotte_3_days  lotte_7_days  lotte_15_days  cgv_3_days  \\\n",
       "lotte_3_days       1.000000      0.752213       0.507150    0.384215   \n",
       "lotte_7_days       0.752213      1.000000       0.633837    0.295031   \n",
       "lotte_15_days      0.507150      0.633837       1.000000    0.253426   \n",
       "cgv_3_days         0.384215      0.295031       0.253426    1.000000   \n",
       "cgv_7_days         0.230851      0.279396       0.270250    0.742613   \n",
       "cgv_15_days        0.219246      0.234289       0.410399    0.490684   \n",
       "jcon_3_days        0.164338      0.074309       0.062651    0.283312   \n",
       "jcon_7_days        0.265744      0.192374       0.230667    0.340895   \n",
       "jcon_15_days       0.008430     -0.118626      -0.277021   -0.107890   \n",
       "WNTY_SELNG_AM      0.033406      0.019432       0.003909    0.005621   \n",
       "\n",
       "               cgv_7_days  cgv_15_days  jcon_3_days  jcon_7_days  \\\n",
       "lotte_3_days     0.230851     0.219246     0.164338     0.265744   \n",
       "lotte_7_days     0.279396     0.234289     0.074309     0.192374   \n",
       "lotte_15_days    0.270250     0.410399     0.062651     0.230667   \n",
       "cgv_3_days       0.742613     0.490684     0.283312     0.340895   \n",
       "cgv_7_days       1.000000     0.720621     0.340525     0.460714   \n",
       "cgv_15_days      0.720621     1.000000     0.168213     0.329930   \n",
       "jcon_3_days      0.340525     0.168213     1.000000     0.720330   \n",
       "jcon_7_days      0.460714     0.329930     0.720330     1.000000   \n",
       "jcon_15_days    -0.217865    -0.187861     0.017471     0.032760   \n",
       "WNTY_SELNG_AM    0.006028     0.010183    -0.069818    -0.049014   \n",
       "\n",
       "               jcon_15_days  WNTY_SELNG_AM  \n",
       "lotte_3_days       0.008430       0.033406  \n",
       "lotte_7_days      -0.118626       0.019432  \n",
       "lotte_15_days     -0.277021       0.003909  \n",
       "cgv_3_days        -0.107890       0.005621  \n",
       "cgv_7_days        -0.217865       0.006028  \n",
       "cgv_15_days       -0.187861       0.010183  \n",
       "jcon_3_days        0.017471      -0.069818  \n",
       "jcon_7_days        0.032760      -0.049014  \n",
       "jcon_15_days       1.000000      -0.032367  \n",
       "WNTY_SELNG_AM     -0.032367       1.000000  "
      ]
     },
     "execution_count": 117,
     "metadata": {},
     "output_type": "execute_result"
    }
   ],
   "source": [
    "#전국 매출금액과 등락률의 상관관계\n",
    "exploror = b.copy()\n",
    "exploror['WNTY_SELNG_AM'] = data['WNTY_SELNG_AM']\n",
    "exploror.WNTY_SELNG_AM = exploror.WNTY_SELNG_AM.apply(lambda x : x.replace(',',''))\n",
    "exploror = exploror.apply(pd.to_numeric)\n",
    "exploror.corr()"
   ]
  },
  {
   "cell_type": "code",
   "execution_count": null,
   "id": "6762a96e",
   "metadata": {},
   "outputs": [],
   "source": []
  }
 ],
 "metadata": {
  "kernelspec": {
   "display_name": "Python 3",
   "language": "python",
   "name": "python3"
  },
  "language_info": {
   "codemirror_mode": {
    "name": "ipython",
    "version": 3
   },
   "file_extension": ".py",
   "mimetype": "text/x-python",
   "name": "python",
   "nbconvert_exporter": "python",
   "pygments_lexer": "ipython3",
   "version": "3.8.8"
  }
 },
 "nbformat": 4,
 "nbformat_minor": 5
}
